config_id,config_index,global_config_index,init_seed,object,object_index,method,steps,lr,beta,xi,x_step,channels,blocks,residual_scale,denoiser,denoise_kernel,nlm_h,cnr,psnr,ssim,ks_d,ks_p,best_trace_cnr,final_loss,final_proxy_mean,final_proxy_std,final_proxy_min,final_proxy_max,final_proxy_range,final_proxy_tv_l1,final_proxy_roughness_l2,final_proxy_otsu_score,final_proxy_otsu_threshold,final_proxy_otsu_fg_fraction,final_proxy_hist_entropy,final_proxy_data_loss,final_proxy_aug_loss,final_proxy_denoiser_mse,final_proxy_net_delta_mse,final_proxy_dual_abs_mean
cfg0000,0,0,20240710,stripe_target,1,scgi_ured,35,0.001,0.55,0.5,0.105,24,3,0.3,nlm,3,0.058,6.683050632476807,9.291157722473145,0.18179279565811157,0.004685699939727783,0.9740428844495653,6.739697456359863,0.017035147175192833,0.33319157361984253,0.09409895539283752,0.0,0.7085515260696411,0.7085515260696411,0.09170316904783249,0.016403228044509888,0.008534020744264126,0.3870967626571655,0.2138671875,1.7703059911727905,0.00022690258629154414,0.016808245331048965,0.003775465302169323,0.00014626680058427155,0.21634559333324432
cfg0001,1,1,20240710,stripe_target,1,scgi_ured,35,0.001,0.55,0.5,0.105,24,3,0.3,nlm,3,0.06,7.168267726898193,9.274903297424316,0.1793617606163025,0.004685699939727783,0.9740428844495653,7.168267726898193,0.01714668795466423,0.3329814672470093,0.09244899451732635,0.008954554796218872,0.6758055090904236,0.6668509244918823,0.08700321614742279,0.015478192828595638,0.008329750970005989,0.3870967626571655,0.21307373046875,1.720847725868225,0.00022687356977257878,0.0169198140501976,0.0040727648884058,0.00015139766037464142,0.21643689274787903
cfg0002,2,2,20240710,stripe_target,1,scgi_ured,35,0.001,0.55,0.5,0.105,24,3,0.3,nlm,3,0.062,7.499733924865723,9.255171775817871,0.17659884691238403,0.004685699939727783,0.9740428844495653,7.499733924865723,0.01724817417562008,0.33273184299468994,0.0909692794084549,0.03298921883106232,0.650412380695343,0.6174231767654419,0.08330553770065308,0.0147379320114851,0.008098023012280464,0.3870967626571655,0.21270751953125,1.679067611694336,0.00022684625582769513,0.01702132821083069,0.004348426125943661,0.0001564434205647558,0.21655867993831635
cfg0003,3,3,20240710,stripe_target,1,scgi_ured,35,0.001,0.55,0.5,0.11,24,3,0.3,nlm,3,0.058,7.743544101715088,8.797739028930664,0.1837509274482727,0.004685699939727783,0.9740428844495653,7.743544101715088,0.011391120962798595,0.3860335350036621,0.09469199180603027,0.05201615393161774,0.7348017692565918,0.6827856302261353,0.08459398150444031,0.015176407061517239,0.008990541100502014,0.4193548262119293,0.21636962890625,1.6335712671279907,0.00022697189706377685,0.011164149269461632,0.0037810574285686016,0.00024029941414482892,0.1674041748046875
cfg0004,4,4,20240710,stripe_target,1,scgi_ured,35,0.001,0.55,0.5,0.11,24,3,0.3,nlm,3,0.06,8.27787971496582,8.781463623046875,0.18104684352874756,0.004685699939727783,0.9740428844495653,8.27787971496582,0.011493364349007607,0.38579416275024414,0.09312696754932404,0.0660993903875351,0.7119194269180298,0.6458200216293335,0.08083493262529373,0.014363334514200687,0.008779655210673809,0.4193548262119293,0.215576171875,1.586245059967041,0.0002269392425660044,0.011266425251960754,0.004079705569893122,0.000248601078055799,0.16767986118793488
cfg0005,5,5,20240710,stripe_target,1,scgi_ured,35,0.001,0.55,0.5,0.11,24,3,0.3,nlm,3,0.062,8.562414169311523,8.762239456176758,0.17801406979560852,0.004685699939727783,0.9740428844495653,8.562414169311523,0.01158199179917574,0.3855266571044922,0.09171202778816223,0.09276750683784485,0.6879509091377258,0.5951833724975586,0.07799512147903442,0.013715116307139397,0.008553575724363327,0.4193548262119293,0.215087890625,1.555398941040039,0.00022691383492201567,0.011355077847838402,0.004356876481324434,0.00025683603598736227,0.16794240474700928
cfg0006,6,6,20240710,stripe_target,1,scgi_ured,35,0.001,0.55,0.5,0.115,24,3,0.3,nlm,3,0.058,8.504448890686035,8.217774391174316,0.18316954374313354,0.004685699939727783,0.9740428844495653,8.504448890686035,0.0071779172867536545,0.436482310295105,0.09585154056549072,0.10461604595184326,0.7751600742340088,0.6705440282821655,0.08187299966812134,0.014340896159410477,0.00917802657932043,0.4838709533214569,0.2139892578125,1.5325820446014404,0.0002270405093440786,0.006950876675546169,0.0037829168140888214,0.0004361763712950051,0.12411601096391678
cfg0007,7,7,20240710,stripe_target,1,scgi_ured,35,0.001,0.55,0.5,0.115,24,3,0.3,nlm,3,0.06,9.005688667297363,8.202303886413574,0.18028031289577484,0.004685699939727783,0.9740428844495653,9.005688667297363,0.007263065315783024,0.4362485408782959,0.09432820230722427,0.12036330997943878,0.7498950362205505,0.629531741142273,0.07855574041604996,0.013593243435025215,0.00895447563380003,0.4838709533214569,0.21368408203125,1.4822030067443848,0.00022700816043652594,0.00703605730086565,0.004085213877260685,0.00044795245048590004,0.12466110289096832
cfg0008,8,8,20240710,stripe_target,1,scgi_ured,35,0.001,0.55,0.5,0.115,24,3,0.3,nlm,3,0.062,9.186357498168945,8.184925079345703,0.1770664006471634,0.004685699939727783,0.9740428844495653,9.186357498168945,0.007337519899010658,0.43594640493392944,0.09293461591005325,0.15052275359630585,0.7247771620750427,0.5742543935775757,0.07605072110891342,0.012993409298360348,0.008711087517440319,0.4838709533214569,0.21307373046875,1.452723503112793,0.00022698473185300827,0.00711053516715765,0.0043661100789904594,0.00045914362999610603,0.1251739114522934
cfg0009,9,9,20240710,stripe_target,1,scgi_ured,35,0.001,0.6,0.5,0.105,24,3,0.3,nlm,3,0.058,7.117905139923096,9.280640602111816,0.18037183582782745,0.004685699939727783,0.9740428844495653,7.117905139923096,0.017336588352918625,0.3331180810928345,0.0929437056183815,0.00020654499530792236,0.6863631010055542,0.6861565709114075,0.0890917032957077,0.015685703605413437,0.008420231752097607,0.3870967626571655,0.21331787109375,1.7360610961914062,0.00022685890144202858,0.01710972934961319,0.003791424445807934,0.00015208974946290255,0.21662071347236633
cfg0010,10,10,20240710,stripe_target,1,scgi_ured,35,0.001,0.6,0.5,0.105,24,3,0.3,nlm,3,0.06,7.488229274749756,9.2608060836792,0.17756381630897522,0.004685699939727783,0.9740428844495653,7.488229274749756,0.017466403543949127,0.33284658193588257,0.09140191972255707,0.015088573098182678,0.6561011075973511,0.6410125494003296,0.08595657348632812,0.014897179789841175,0.008187456987798214,0.3870967626571655,0.21319580078125,1.6990525722503662,0.00022682826966047287,0.01723957434296608,0.00407669972628355,0.00015797876403667033,0.21680018305778503
cfg0011,11,11,20240710,stripe_target,1,scgi_ured,35,0.001,0.6,0.5,0.105,24,3,0.3,nlm,3,0.062,7.642705917358398,9.23751163482666,0.1744203269481659,0.004685699939727783,0.9740428844495653,7.642705917358398,0.017581608146429062,0.33255672454833984,0.09000787883996964,0.042087942361831665,0.632444441318512,0.5903564691543579,0.08370421826839447,0.014270850457251072,0.007981865666806698,0.3870967626571655,0.2122802734375,1.677764892578125,0.0002267979143653065,0.01735481061041355,0.004341467283666134,0.00016374417464248836,0.2169795036315918
cfg0012,12,12,20240710,stripe_target,1,scgi_ured,35,0.001,0.6,0.5,0.11,24,3,0.3,nlm,3,0.058,7.881162166595459,8.784517288208008,0.18209344148635864,0.004685699939727783,0.9740428844495653,7.881162166595459,0.011755267158150673,0.3859473466873169,0.09400499612092972,0.05549883842468262,0.719106137752533,0.6636072993278503,0.08908063918352127,0.014856497757136822,0.008768521249294281,0.4193548262119293,0.2159423828125,1.6912122964859009,0.00022692840138915926,0.011528338305652142,0.0037993479054421186,0.00024839077377691865,0.16867682337760925
cfg0013,13,13,20240710,stripe_target,1,scgi_ured,35,0.001,0.6,0.5,0.11,24,3,0.3,nlm,3,0.06,8.15353775024414,8.764652252197266,0.17897503077983856,0.004685699939727783,0.9740428844495653,8.15353775024414,0.011864444240927696,0.3856876492500305,0.09251713752746582,0.07242080569267273,0.6928867697715759,0.6204659938812256,0.08649307489395142,0.014157403260469437,0.008555827662348747,0.4193548262119293,0.21539306640625,1.6627767086029053,0.00022689382603857666,0.011637550778687,0.004085797816514969,0.00025774119421839714,0.16901586949825287
cfg0014,14,14,20240710,stripe_target,1,scgi_ured,35,0.001,0.6,0.5,0.11,24,3,0.3,nlm,3,0.062,8.157872200012207,8.742565155029297,0.17552033066749573,0.004685699939727783,0.9740428844495653,8.157872200012207,0.011963505297899246,0.385348916053772,0.09114725142717361,0.10442054271697998,0.6674903631210327,0.5630698204040527,0.08459515124559402,0.01359594240784645,0.008310944773256779,0.4193548262119293,0.21466064453125,1.6450917720794678,0.00022686812735628337,0.011736636981368065,0.0043522366322577,0.00026667211204767227,0.16937056183815002
cfg0015,15,15,20240710,stripe_target,1,scgi_ured,35,0.001,0.6,0.5,0.115,24,3,0.3,nlm,3,0.058,8.165199279785156,8.203207969665527,0.181339293718338,0.004685699939727783,0.9740428844495653,8.165199279785156,0.007598572410643101,0.4363948702812195,0.09557237476110458,0.10818588733673096,0.7572864294052124,0.6491005420684814,0.09110276401042938,0.014382502064108849,0.009089717641472816,0.4838709533214569,0.2142333984375,1.6847407817840576,0.00022699663531966507,0.0073715755715966225,0.003805148880928755,0.0004467205726541579,0.12730377912521362
cfg0016,16,16,20240710,stripe_target,1,scgi_ured,35,0.001,0.6,0.5,0.115,24,3,0.3,nlm,3,0.06,8.309919357299805,8.185396194458008,0.17800098657608032,0.004685699939727783,0.9740428844495653,8.309919357299805,0.0076895044185221195,0.43607309460639954,0.09407614916563034,0.12927091121673584,0.7291891574859619,0.5999182462692261,0.08845380693674088,0.013715015724301338,0.008836490102112293,0.4838709533214569,0.21337890625,1.6574585437774658,0.00022696360247209668,0.00746254064142704,0.004095102660357952,0.00045915984082967043,0.12793657183647156
cfg0017,17,17,20240710,stripe_target,1,scgi_ured,35,0.001,0.6,0.5,0.115,24,3,0.3,nlm,3,0.062,8.201523780822754,8.165623664855957,0.17434276640415192,0.004685699939727783,0.9740428844495653,8.201523780822754,0.007766101974993944,0.43570607900619507,0.09268099814653397,0.16353100538253784,0.70183926820755,0.5383082628250122,0.08648087084293365,0.013167490251362324,0.00858467910438776,0.4838709533214569,0.2127685546875,1.6470668315887451,0.0002269323158543557,0.007539169862866402,0.0043647149577736855,0.0004712659283541143,0.12850478291511536
cfg0018,18,18,20240710,stripe_target,1,scgi_ured,36,0.001,0.55,0.5,0.105,24,3,0.3,nlm,3,0.058,8.09579086303711,8.343282699584961,0.1859302520751953,0.004685699939727783,0.9740428844495653,8.09579086303711,0.00799490325152874,0.42850005626678467,0.09755350649356842,0.09326697140932083,0.7830435037612915,0.6897765398025513,0.08510492742061615,0.015355557203292847,0.009510974399745464,0.4838709533214569,0.213623046875,1.6486730575561523,0.00022706289018969983,0.007767840288579464,0.0037744054570794106,0.0005268416134640574,0.13370129466056824
cfg0019,19,19,20240710,stripe_target,1,scgi_ured,36,0.001,0.55,0.5,0.105,24,3,0.3,nlm,3,0.06,8.656203269958496,8.328899383544922,0.18326057493686676,0.004685699939727783,0.9740428844495653,8.656203269958496,0.008093124255537987,0.42828404903411865,0.09600752592086792,0.10715200006961823,0.7598409652709961,0.6526889801025391,0.08144333213567734,0.014541659504175186,0.009305090643465519,0.4838709533214569,0.2130126953125,1.6055028438568115,0.00022702950809616596,0.007866094820201397,0.004076491110026836,0.0005388802965171635,0.13419976830482483
cfg0020,20,20,20240710,stripe_target,1,scgi_ured,36,0.001,0.55,0.5,0.105,24,3,0.3,nlm,3,0.062,8.943642616271973,8.312126159667969,0.18025535345077515,0.004685699939727783,0.9740428844495653,8.943642616271973,0.008179190568625927,0.42801883816719055,0.09460482001304626,0.13500845432281494,0.7347160577774048,0.5997076034545898,0.07871082425117493,0.013891488313674927,0.009044176898896694,0.4838709533214569,0.21270751953125,1.5780763626098633,0.0002270000841235742,0.007952190935611725,0.004356584511697292,0.0005506246234290302,0.1346716731786728
cfg0021,21,21,20240710,stripe_target,1,scgi_ured,36,0.001,0.55,0.5,0.11,24,3,0.3,nlm,3,0.058,8.726853370666504,7.6325788497924805,0.18360424041748047,0.004685699939727783,0.9740428844495653,8.726853370666504,0.004457542672753334,0.48454248905181885,0.09913157671689987,0.15154710412025452,0.828291654586792,0.6767445802688599,0.08287642151117325,0.014511018060147762,0.009970796294510365,0.5483871102333069,0.2127685546875,1.5866868495941162,0.00022714133956469595,0.00423040147870779,0.003774707205593586,0.0008647574577480555,0.09315019845962524
cfg0022,22,22,20240710,stripe_target,1,scgi_ured,36,0.001,0.55,0.5,0.11,24,3,0.3,nlm,3,0.06,9.214393615722656,7.619768142700195,0.18077358603477478,0.004685699939727783,0.9740428844495653,9.214393615722656,0.004541188012808561,0.48429715633392334,0.0976225733757019,0.16718657314777374,0.80341637134552,0.6362298130989075,0.07961635291576385,0.013758443295955658,0.009738358668982983,0.5483871102333069,0.21240234375,1.552577257156372,0.00022710629855282605,0.004314081743359566,0.004081280902028084,0.0008799834176898003,0.09421397745609283
cfg0023,23,23,20240710,stripe_target,1,scgi_ured,36,0.001,0.55,0.5,0.11,24,3,0.3,nlm,3,0.062,9.36478328704834,7.604989528656006,0.17761966586112976,0.004685699939727783,0.9740428844495653,9.36478328704834,0.004609980154782534,0.48401591181755066,0.0962432399392128,0.19731120765209198,0.7772225141525269,0.5799112915992737,0.07717011868953705,0.01315503753721714,0.00948994979262352,0.5483871102333069,0.21185302734375,1.5311923027038574,0.00022707547759637237,0.0043829046189785,0.004365459084510803,0.0008950062328949571,0.09509405493736267
cfg0024,24,24,20240710,stripe_target,1,scgi_ured,36,0.001,0.55,0.5,0.115,24,3,0.3,nlm,3,0.058,8.857851028442383,6.954145431518555,0.18020027875900269,0.004685699939727783,0.9740428844495653,8.857851028442383,0.002787548815831542,0.5354260802268982,0.10094598680734634,0.2043633759021759,0.8703417181968689,0.6659783124923706,0.08255893737077713,0.013929017819464207,0.01027554739266634,0.5806452035903931,0.2147216796875,1.5909380912780762,0.00022721500135958195,0.00256033381447196,0.0037680300883948803,0.0012337814550846815,0.07516343891620636
cfg0025,25,25,20240710,stripe_target,1,scgi_ured,36,0.001,0.55,0.5,0.115,24,3,0.3,nlm,3,0.06,9.22070598602295,6.942702293395996,0.17728546261787415,0.004685699939727783,0.9740428844495653,9.22070598602295,0.0028527213726192713,0.5351879596710205,0.09944899380207062,0.2214166522026062,0.8442222476005554,0.6228055953979492,0.07929360866546631,0.013205122202634811,0.010029403492808342,0.5806452035903931,0.2139892578125,1.5511552095413208,0.00022717821411788464,0.0026255431585013866,0.004081583581864834,0.0012526502832770348,0.07645787298679352
cfg0026,26,26,20240710,stripe_target,1,scgi_ured,36,0.001,0.55,0.5,0.115,24,3,0.3,nlm,3,0.062,9.25279426574707,6.930245876312256,0.1740625500679016,0.004685699939727783,0.9740428844495653,9.25279426574707,0.0029039469081908464,0.534874439239502,0.09807034581899643,0.25422167778015137,0.8207892775535583,0.566567599773407,0.07685888558626175,0.012620579451322556,0.009726693853735924,0.5806452035903931,0.2135009765625,1.532000184059143,0.00022714925580658019,0.002676797565072775,0.004371640272438526,0.0012703617103397846,0.07744129002094269
cfg0027,27,27,20240710,stripe_target,1,scgi_ured,36,0.001,0.6,0.5,0.105,24,3,0.3,nlm,3,0.058,8.171600341796875,8.33089828491211,0.18430042266845703,0.004685699939727783,0.9740428844495653,8.171600341796875,0.008370574563741684,0.428440660238266,0.09693242609500885,0.09679095447063446,0.7672693729400635,0.6704784035682678,0.09065364301204681,0.015105082653462887,0.00939103588461876,0.4838709533214569,0.21337890625,1.6888420581817627,0.0002270153199788183,0.008143559098243713,0.0037947134114801884,0.0005376279004849494,0.1360173374414444
cfg0028,28,28,20240710,stripe_target,1,scgi_ured,36,0.001,0.6,0.5,0.105,24,3,0.3,nlm,3,0.06,8.43862533569336,8.314003944396973,0.1812162697315216,0.004685699939727783,0.9740428844495653,8.43862533569336,0.008479740470647812,0.42814692854881287,0.09545627981424332,0.11371143162250519,0.7401529550552368,0.6264415383338928,0.08811341971158981,0.014403601177036762,0.009117666631937027,0.4838709533214569,0.212890625,1.6624544858932495,0.00022698147222399712,0.008252759464085102,0.004084625281393528,0.0005504785804077983,0.13665315508842468
cfg0029,29,29,20240710,stripe_target,1,scgi_ured,36,0.001,0.6,0.5,0.105,24,3,0.3,nlm,3,0.062,8.422792434692383,8.294651985168457,0.1777975857257843,0.004685699939727783,0.9740428844495653,8.422792434692383,0.008572958409786224,0.42782750725746155,0.09409787505865097,0.1454191356897354,0.7138175368309021,0.5683984160423279,0.08625324070453644,0.013839876279234886,0.00887430738657713,0.4838709533214569,0.212158203125,1.6461057662963867,0.00022695219377055764,0.008346006274223328,0.00435369648039341,0.0005629576044157147,0.1372271031141281
cfg0030,30,30,20240710,stripe_target,1,scgi_ured,36,0.001,0.6,0.5,0.11,24,3,0.3,nlm,3,0.058,8.306387901306152,7.619565963745117,0.1818208396434784,0.004685699939727783,0.9740428844495653,8.306387901306152,0.004893114790320396,0.4844686686992645,0.09891341626644135,0.1551249623298645,0.8104372620582581,0.6553122997283936,0.09292596578598022,0.014635597355663776,0.009773412719368935,0.5483871102333069,0.2127685546875,1.7228386402130127,0.00022709384211339056,0.004666021093726158,0.003798612393438816,0.0008780099451541901,0.09841401875019073
cfg0031,31,31,20240710,stripe_target,1,scgi_ured,36,0.001,0.6,0.5,0.11,24,3,0.3,nlm,3,0.06,8.431249618530273,7.604232311248779,0.17854703962802887,0.004685699939727783,0.9740428844495653,8.431249618530273,0.004976495169103146,0.4841897785663605,0.09742876142263412,0.1739317774772644,0.7818813920021057,0.6079496145248413,0.09029445797204971,0.013960386626422405,0.009488842450082302,0.5483871102333069,0.212158203125,1.6992747783660889,0.00022705859737470746,0.004749436397105455,0.004092537797987461,0.0008945692097768188,0.09946681559085846
cfg0032,32,32,20240710,stripe_target,1,scgi_ured,36,0.001,0.6,0.5,0.11,24,3,0.3,nlm,3,0.062,8.301506042480469,7.5878005027771,0.17495517432689667,0.004685699939727783,0.9740428844495653,8.301506042480469,0.00504648219794035,0.48382166028022766,0.09604208916425705,0.210216224193573,0.7541153430938721,0.5438991189002991,0.08834444731473923,0.013406516052782536,0.00923254992812872,0.5483871102333069,0.2115478515625,1.685011863708496,0.0002270259865326807,0.004819456022232771,0.004366077482700348,0.000910109665710479,0.10033759474754333
cfg0033,33,33,20240710,stripe_target,1,scgi_ured,36,0.001,0.6,0.5,0.115,24,3,0.3,nlm,3,0.058,8.121049880981445,6.941454887390137,0.17832240462303162,0.004685699939727783,0.9740428844495653,8.165199279785156,0.0032719357404857874,0.5353496670722961,0.100990429520607,0.20798000693321228,0.8536604046821594,0.6456804275512695,0.09480324387550354,0.01432643923908472,0.010134964250028133,0.5806452035903931,0.21466064453125,1.7820703983306885,0.00022716476814821362,0.0030447710305452347,0.0037959045730531216,0.0012496464187279344,0.08255089819431305
cfg0034,34,34,20240710,stripe_target,1,scgi_ured,36,0.001,0.6,0.5,0.115,24,3,0.3,nlm,3,0.06,8.154407501220703,6.9288153648376465,0.17495012283325195,0.004685699939727783,0.9740428844495653,8.309919357299805,0.0033311033621430397,0.535010576248169,0.09946820139884949,0.23066885769367218,0.8251798748970032,0.5945110321044922,0.0919700339436531,0.013644158840179443,0.009803593158721924,0.5806452035903931,0.21441650390625,1.7572357654571533,0.00022713052749168128,0.003103972878307104,0.0040965937077999115,0.0012689412105828524,0.08367027342319489
cfg0035,35,35,20240710,stripe_target,1,scgi_ured,36,0.001,0.6,0.5,0.115,24,3,0.3,nlm,3,0.062,7.983606815338135,6.914982318878174,0.171279639005661,0.004685699939727783,0.9740428844495653,8.201523780822754,0.0033746808767318726,0.5346227288246155,0.09803897887468338,0.26846933364868164,0.805012583732605,0.5365432500839233,0.08982494473457336,0.013074582442641258,0.009547093883156776,0.5806452035903931,0.21405029296875,1.743804931640625,0.00022709739278070629,0.003147583454847336,0.004376630764454603,0.0012877077097073197,0.08448003977537155
cfg0036,36,36,20240710,stripe_target,1,scgi_ured,37,0.001,0.55,0.5,0.105,24,3,0.3,nlm,3,0.058,8.76466178894043,6.975090980529785,0.1828821748495102,0.004685699939727783,0.9740428844495653,8.76466178894043,0.0027473606169223785,0.5356638431549072,0.10291340947151184,0.2012929618358612,0.8863869905471802,0.6850939989089966,0.08430491387844086,0.014768569730222225,0.010672938078641891,0.5806452035903931,0.21502685546875,1.5959745645523071,0.00022724685550201684,0.002520113717764616,0.0037658954970538616,0.0014510159380733967,0.07390378415584564
cfg0037,37,37,20240710,stripe_target,1,scgi_ured,37,0.001,0.55,0.5,0.105,24,3,0.3,nlm,3,0.06,9.209004402160645,6.964290142059326,0.18014833331108093,0.004685699939727783,0.9740428844495653,9.209004402160645,0.0028278601821511984,0.5354526042938232,0.10142330825328827,0.21669548749923706,0.8613823652267456,0.6446868777275085,0.0811053067445755,0.01400826033204794,0.010412359610199928,0.5806452035903931,0.21453857421875,1.5600786209106445,0.00022721430286765099,0.0026006458792835474,0.004076499957591295,0.0014702241169288754,0.07544168829917908
cfg0038,38,38,20240710,stripe_target,1,scgi_ured,37,0.001,0.55,0.5,0.105,24,3,0.3,nlm,3,0.062,9.325484275817871,6.952124118804932,0.1770910769701004,0.004685699939727783,0.9740428844495653,9.325484275817871,0.0028933570720255375,0.5351828336715698,0.10005795955657959,0.24746347963809967,0.8343802690505981,0.5869168043136597,0.07871167361736298,0.013397916220128536,0.010148200206458569,0.5806452035903931,0.21392822265625,1.5369770526885986,0.00022718227410223335,0.0026661748997867107,0.004363435786217451,0.001488725421950221,0.07665295898914337
cfg0039,39,39,20240710,stripe_target,1,scgi_ured,37,0.001,0.55,0.5,0.11,24,3,0.3,nlm,3,0.058,8.69914722442627,6.246413230895996,0.17827722430229187,0.004685699939727783,0.9740428844495653,8.726853370666504,0.002656324068084359,0.5895783305168152,0.10497425496578217,0.25727176666259766,0.9406547546386719,0.6833829879760742,0.08428911864757538,0.014162998646497726,0.011111480183899403,0.6451612710952759,0.21392822265625,1.7254893779754639,0.00022732622164767236,0.0024289977736771107,0.0037560355849564075,0.0018888460472226143,0.08020187169313431
cfg0040,40,40,20240710,stripe_target,1,scgi_ured,37,0.001,0.55,0.5,0.11,24,3,0.3,nlm,3,0.06,9.003134727478027,6.237320899963379,0.1754775047302246,0.004685699939727783,0.9740428844495653,9.214393615722656,0.002719403011724353,0.5893374681472778,0.10349366068840027,0.2741125822067261,0.9157604575157166,0.6416478753089905,0.08107057213783264,0.013429837301373482,0.010848330333828926,0.6451612710952759,0.21343994140625,1.6936264038085938,0.00022728914336767048,0.002492113970220089,0.004074433818459511,0.0019107148982584476,0.08135751634836197
cfg0041,41,41,20240710,stripe_target,1,scgi_ured,37,0.001,0.55,0.5,0.11,24,3,0.3,nlm,3,0.062,9.00261116027832,6.227047443389893,0.1723698377609253,0.004685699939727783,0.9740428844495653,9.36478328704834,0.0027660252526402473,0.5890531539916992,0.10213197767734528,0.30661559104919434,0.8906182646751404,0.584002673625946,0.07868600636720657,0.012837746180593967,0.010554519481956959,0.6451612710952759,0.212890625,1.6783547401428223,0.00022725589224137366,0.0025387692730873823,0.004368719644844532,0.0019321140134707093,0.082212433218956
cfg0042,42,42,20240710,stripe_target,1,scgi_ured,37,0.001,0.55,0.5,0.115,24,3,0.3,nlm,3,0.058,8.411251068115234,5.636152744293213,0.17392456531524658,0.004685699939727783,0.9740428844495653,8.857851028442383,0.004255922511219978,0.6354255676269531,0.1069173738360405,0.30476707220077515,0.9977456331253052,0.69297856092453,0.083959199488163,0.01371064130216837,0.011423650197684765,0.7096774578094482,0.21234130859375,1.7555758953094482,0.00022739014821127057,0.004028532188385725,0.0037356996908783913,0.0022506623063236475,0.10697086155414581
cfg0043,43,43,20240710,stripe_target,1,scgi_ured,37,0.001,0.55,0.5,0.115,24,3,0.3,nlm,3,0.06,8.61782455444336,5.6281538009643555,0.1711200475692749,0.004685699939727783,0.9740428844495653,9.22070598602295,0.004302664194256067,0.6351909637451172,0.10544035583734512,0.32267165184020996,0.9710186719894409,0.648347020149231,0.0806637555360794,0.012987514026463032,0.011139820329844952,0.7096774578094482,0.2119140625,1.7253589630126953,0.00022735509264748544,0.004075309261679649,0.004064041189849377,0.0022757581900805235,0.1074257344007492
cfg0044,44,44,20240710,stripe_target,1,scgi_ured,37,0.001,0.55,0.5,0.115,24,3,0.3,nlm,3,0.062,8.565030097961426,5.619655609130859,0.16802485287189484,0.004685699939727783,0.9740428844495653,9.25279426574707,0.004331198055297136,0.6348799467086792,0.10407733917236328,0.3569566607475281,0.9462771415710449,0.5893204808235168,0.07821765542030334,0.012401278130710125,0.010851518251001835,0.7096774578094482,0.21148681640625,1.7086290121078491,0.00022732223442289978,0.00410387571901083,0.004368113353848457,0.002299371175467968,0.10773004591464996
cfg0045,45,45,20240710,stripe_target,1,scgi_ured,37,0.001,0.6,0.5,0.105,24,3,0.3,nlm,3,0.058,8.345440864562988,6.963510990142822,0.181171715259552,0.004685699939727783,0.9740428844495653,8.345440864562988,0.003192381700500846,0.5356297492980957,0.10271181911230087,0.2049056589603424,0.8685750365257263,0.6636693477630615,0.09475311636924744,0.014945926144719124,0.010531322099268436,0.5806452035903931,0.21490478515625,1.7548038959503174,0.0002272007113788277,0.002965180901810527,0.0037912032566964626,0.001467511523514986,0.08088100701570511
cfg0046,46,46,20240710,stripe_target,1,scgi_ured,37,0.001,0.6,0.5,0.105,24,3,0.3,nlm,3,0.06,8.448509216308594,6.951395034790039,0.17800873517990112,0.004685699939727783,0.9740428844495653,8.448509216308594,0.003273165784776211,0.5353264808654785,0.10124127566814423,0.22354012727737427,0.8393344879150391,0.6157943606376648,0.09216935932636261,0.014262760989367962,0.010256209410727024,0.5806452035903931,0.2142333984375,1.7300970554351807,0.00022715992236044258,0.003046005964279175,0.004089190624654293,0.0014873468317091465,0.08232241868972778
cfg0047,47,47,20240710,stripe_target,1,scgi_ured,37,0.001,0.6,0.5,0.105,24,3,0.3,nlm,3,0.062,8.305097579956055,6.937776565551758,0.17452988028526306,0.004685699939727783,0.9740428844495653,8.422792434692383,0.0033367571886628866,0.5349886417388916,0.09987180680036545,0.25915196537971497,0.8109944462776184,0.551842451095581,0.09025981277227402,0.013703275471925735,0.009960171766579151,0.5806452035903931,0.21435546875,1.7238054275512695,0.00022712921781931072,0.0031096278689801693,0.0043659452348947525,0.0015063292812556028,0.08342195302248001
cfg0048,48,48,20240710,stripe_target,1,scgi_ured,37,0.001,0.6,0.5,0.11,24,3,0.3,nlm,3,0.058,8.032857894897461,6.235513210296631,0.1764901578426361,0.004685699939727783,0.9740428844495653,8.306387901306152,0.003151868935674429,0.589525580406189,0.10501944273710251,0.26087719202041626,0.9252552390098572,0.6643780469894409,0.09670931845903397,0.014613398350775242,0.010917498730123043,0.6451612710952759,0.2137451171875,1.8542782068252563,0.00022727428586222231,0.0029245945625007153,0.0037856060080230236,0.00190742127597332,0.08730059862136841
cfg0049,49,49,20240710,stripe_target,1,scgi_ured,37,0.001,0.6,0.5,0.11,24,3,0.3,nlm,3,0.06,8.047505378723145,6.224911212921143,0.1732424646615982,0.004685699939727783,0.9740428844495653,8.431249618530273,0.0032062074169516563,0.5892363786697388,0.10351564735174179,0.2811056971549988,0.8968245983123779,0.6157189011573792,0.09392256289720535,0.013921505771577358,0.01059902086853981,0.6451612710952759,0.21337890625,1.8298678398132324,0.00022723563597537577,0.002978971693664789,0.004091593436896801,0.0019306102767586708,0.08828817307949066
cfg0050,50,50,20240710,stripe_target,1,scgi_ured,37,0.001,0.6,0.5,0.11,24,3,0.3,nlm,3,0.062,7.8707733154296875,6.2139458656311035,0.16970494389533997,0.004685699939727783,0.9740428844495653,8.301506042480469,0.0032424877863377333,0.5888534784317017,0.10210313647985458,0.3205713629722595,0.869468629360199,0.5488972663879395,0.0918194130063057,0.013344766572117805,0.010309837758541107,0.6451612710952759,0.212890625,1.820277214050293,0.0002272035926580429,0.0030152841936796904,0.0043752375058829784,0.001952259335666895,0.08895954489707947
cfg0051,51,51,20240710,stripe_target,1,scgi_ured,37,0.001,0.6,0.5,0.115,24,3,0.3,nlm,3,0.058,7.729599475860596,5.626304626464844,0.17211654782295227,0.004685699939727783,0.9740428844495653,8.165199279785156,0.004786515608429909,0.635367214679718,0.10703226178884506,0.30835455656051636,0.9802913665771484,0.6719368100166321,0.09706763178110123,0.014281664974987507,0.01127274427562952,0.7096774578094482,0.21234130859375,1.9165971279144287,0.00022734233061783016,0.004559173248708248,0.0037685951683670282,0.002271548844873905,0.11230506747961044
cfg0052,52,52,20240710,stripe_target,1,scgi_ured,37,0.001,0.6,0.5,0.115,24,3,0.3,nlm,3,0.06,7.707031726837158,5.617810249328613,0.1688632369041443,0.004685699939727783,0.9740428844495653,8.309919357299805,0.004814322106540203,0.6350260376930237,0.10549643635749817,0.3319268822669983,0.9504609704017639,0.6185340881347656,0.09406588971614838,0.013573489151895046,0.010956041514873505,0.7096774578094482,0.2117919921875,1.8949438333511353,0.00022730152704752982,0.0045870207250118256,0.00408527348190546,0.002297024242579937,0.11260364204645157
cfg0053,53,53,20240710,stripe_target,1,scgi_ured,37,0.001,0.6,0.5,0.115,24,3,0.3,nlm,3,0.062,7.530022144317627,5.608595848083496,0.16533562541007996,0.004685699939727783,0.9740428844495653,8.201523780822754,0.004825232084840536,0.634636402130127,0.10405431687831879,0.37202465534210205,0.926173210144043,0.5541485548019409,0.09180009365081787,0.012977984733879566,0.010631594806909561,0.7096774578094482,0.21099853515625,1.8856288194656372,0.0002272660203743726,0.004597966093569994,0.004378362558782101,0.0023218863643705845,0.11275547742843628
cfg0054,54,54,20240710,stripe_target,1,scgi_ured,38,0.001,0.55,0.5,0.105,24,3,0.3,nlm,3,0.058,8.43147087097168,5.531464576721191,0.17566362023353577,0.004685699939727783,0.9740428844495653,8.76466178894043,0.004310895223170519,0.6448243260383606,0.10933636128902435,0.3111165165901184,1.0,0.6888834834098816,0.08619623631238937,0.014464178122580051,0.011927025392651558,0.7096774578094482,0.21337890625,1.7953040599822998,0.00022743598674423993,0.004083459265530109,0.0037453738041222095,0.002609167480841279,0.10920197516679764
cfg0055,55,55,20240710,stripe_target,1,scgi_ured,38,0.001,0.55,0.5,0.105,24,3,0.3,nlm,3,0.06,8.675094604492188,5.523793697357178,0.17299780249595642,0.004685699939727783,0.9740428844495653,9.209004402160645,0.0043742298148572445,0.6446259021759033,0.10788001120090485,0.32770854234695435,0.9885262846946716,0.6608177423477173,0.08305000513792038,0.013721647672355175,0.01166796125471592,0.7096774578094482,0.21295166015625,1.7647321224212646,0.00022739899577572942,0.004146830644458532,0.0040674894116818905,0.002634754404425621,0.10974672436714172
cfg0056,56,56,20240710,stripe_target,1,scgi_ured,38,0.001,0.55,0.5,0.105,24,3,0.3,nlm,3,0.062,8.654902458190918,5.5154266357421875,0.17002537846565247,0.004685699939727783,0.9740428844495653,9.325484275817871,0.004418677184730768,0.6443618535995483,0.10653568804264069,0.36042851209640503,0.9634185433387756,0.6029900312423706,0.08072509616613388,0.01312166079878807,0.011360368691384792,0.7096774578094482,0.21270751953125,1.7546873092651367,0.00022736526443623006,0.0041913120076060295,0.004365226253867149,0.002659301972016692,0.1101575642824173
cfg0057,57,57,20240710,stripe_target,1,scgi_ured,38,0.001,0.55,0.5,0.11,24,3,0.3,nlm,3,0.058,8.121403694152832,4.938018798828125,0.17077156901359558,0.004685699939727783,0.9740428844495653,8.726853370666504,0.007822727784514427,0.6906148195266724,0.1112055554986,0.35874828696250916,1.0,0.6412516832351685,0.0856296569108963,0.013954843394458294,0.01226179488003254,0.774193525314331,0.212158203125,1.8811453580856323,0.00022749780328013003,0.007595230359584093,0.0037214448675513268,0.0029212157242000103,0.1521325707435608
cfg0058,58,58,20240710,stripe_target,1,scgi_ured,38,0.001,0.55,0.5,0.11,24,3,0.3,nlm,3,0.06,8.246783256530762,4.931613445281982,0.1681482195854187,0.004685699939727783,0.9740428844495653,9.214393615722656,0.007868392392992973,0.6904079914093018,0.10980670899152756,0.3763663172721863,1.0,0.6236336827278137,0.08246732503175735,0.013240973465144634,0.011976486071944237,0.7419354915618896,0.21405029296875,1.8643558025360107,0.0002274603903060779,0.007640932220965624,0.004054514691233635,0.002948604989796877,0.15219971537590027
cfg0059,59,59,20240710,stripe_target,1,scgi_ured,38,0.001,0.55,0.5,0.11,24,3,0.3,nlm,3,0.062,8.178086280822754,4.924515724182129,0.16519930958747864,0.004685699939727783,0.9740428844495653,9.36478328704834,0.00789540447294712,0.6901359558105469,0.10847312957048416,0.4101378619670868,1.0,0.5898621082305908,0.08008894324302673,0.012648601084947586,0.011677141301333904,0.7419354915618896,0.2139892578125,1.8577167987823486,0.0002274254511576146,0.007667978759855032,0.004363034386187792,0.0029754559509456158,0.15223005414009094
cfg0060,60,60,20240710,stripe_target,1,scgi_ured,38,0.001,0.55,0.5,0.115,24,3,0.3,nlm,3,0.058,7.885134220123291,4.496833801269531,0.1667540967464447,0.004685699939727783,0.9740428844495653,8.857851028442383,0.012091189622879028,0.7256393432617188,0.11249440908432007,0.3951656222343445,1.0,0.6048343777656555,0.0838252604007721,0.013493962585926056,0.012345620431005955,0.8064516186714172,0.2122802734375,1.904794692993164,0.00022753860685043037,0.011863650754094124,0.003683541901409626,0.003066913690418005,0.19248968362808228
cfg0061,61,61,20240710,stripe_target,1,scgi_ured,38,0.001,0.55,0.5,0.115,24,3,0.3,nlm,3,0.06,7.936579704284668,4.491092205047607,0.16427186131477356,0.004685699939727783,0.9740428844495653,9.22070598602295,0.01212532538920641,0.7254769802093506,0.11120215058326721,0.41341447830200195,1.0,0.586585521697998,0.0807337611913681,0.01281739305704832,0.012117997743189335,0.8064516186714172,0.21197509765625,1.8938028812408447,0.00022750053904019296,0.011897824704647064,0.0040311021730303764,0.003096752567216754,0.19245409965515137
cfg0062,62,62,20240710,stripe_target,1,scgi_ured,38,0.001,0.55,0.5,0.115,24,3,0.3,nlm,3,0.062,7.83095645904541,4.485072612762451,0.16144394874572754,0.004685699939727783,0.9740428844495653,9.25279426574707,0.012137438170611858,0.7252143025398254,0.10994158685207367,0.4477810561656952,1.0,0.5522189140319824,0.07840953767299652,0.012247977778315544,0.011864200234413147,0.8064516186714172,0.21136474609375,1.887575626373291,0.00022746645845472813,0.011909971944987774,0.004352076910436153,0.0031252996996045113,0.19235074520111084
cfg0063,63,63,20240710,stripe_target,1,scgi_ured,38,0.001,0.6,0.5,0.105,24,3,0.3,nlm,3,0.058,7.873260498046875,5.52182149887085,0.17397703230381012,0.004685699939727783,0.9740428844495653,8.345440864562988,0.004815921653062105,0.6448216438293457,0.10935886204242706,0.31475162506103516,0.9989853501319885,0.6842337250709534,0.09865802526473999,0.014947110787034035,0.011729028075933456,0.7096774578094482,0.213134765625,1.9197498559951782,0.00022738651023246348,0.00458853505551815,0.0037760913837701082,0.002631057519465685,0.11412253975868225
cfg0064,64,64,20240710,stripe_target,1,scgi_ured,38,0.001,0.6,0.5,0.105,24,3,0.3,nlm,3,0.06,7.8719892501831055,5.513638496398926,0.1708841770887375,0.004685699939727783,0.9740428844495653,8.448509216308594,0.004866651725023985,0.644521176815033,0.10787640511989594,0.33466213941574097,0.9692917466163635,0.6346296072006226,0.09594271332025528,0.014247942715883255,0.011423408053815365,0.7096774578094482,0.21282958984375,1.9009604454040527,0.00022734300000593066,0.004639308899641037,0.0040859440341591835,0.0026571862399578094,0.11457397043704987
cfg0065,65,65,20240710,stripe_target,1,scgi_ured,38,0.001,0.6,0.5,0.105,24,3,0.3,nlm,3,0.062,7.696129322052002,5.504615306854248,0.16750136017799377,0.004685699939727783,0.9740428844495653,8.422792434692383,0.00489841541275382,0.6441781520843506,0.1064889132976532,0.37315791845321655,0.9427456259727478,0.5695877075195312,0.09390698373317719,0.013666996732354164,0.011130042374134064,0.7096774578094482,0.212158203125,1.8963650465011597,0.00022731187345925719,0.004671103321015835,0.004372637718915939,0.0026819929480552673,0.11488381028175354
cfg0066,66,66,20240710,stripe_target,1,scgi_ured,38,0.001,0.6,0.5,0.11,24,3,0.3,nlm,3,0.058,7.536562919616699,4.929523944854736,0.16911102831363678,0.004685699939727783,0.9740428844495653,8.306387901306152,0.008362081833183765,0.690605640411377,0.11133039742708206,0.36230891942977905,1.0,0.637691080570221,0.09877756237983704,0.014563907869160175,0.012106905691325665,0.7419354915618896,0.21502685546875,1.9938933849334717,0.00022744288435205817,0.008134638890624046,0.0037542013451457024,0.0029444897081702948,0.15498758852481842
cfg0067,67,67,20240710,stripe_target,1,scgi_ured,38,0.001,0.6,0.5,0.11,24,3,0.3,nlm,3,0.06,7.493723392486572,4.922282695770264,0.16602393984794617,0.004685699939727783,0.9740428844495653,8.431249618530273,0.008389857597649097,0.6903250813484192,0.10984073579311371,0.38339942693710327,1.0,0.6166005730628967,0.09587512165307999,0.013853948563337326,0.011803948320448399,0.7419354915618896,0.2149658203125,1.9785864353179932,0.00022740241547580808,0.008162455633282661,0.00407633651047945,0.002973338821902871,0.1550019383430481
cfg0068,68,68,20240710,stripe_target,1,scgi_ured,38,0.001,0.6,0.5,0.11,24,3,0.3,nlm,3,0.062,7.319311141967773,4.914992809295654,0.16266103088855743,0.004685699939727783,0.9740428844495653,8.301506042480469,0.008394459262490273,0.6899490356445312,0.10842717438936234,0.4245481789112091,0.9964484572410583,0.5719002485275269,0.09368269145488739,0.013254956342279911,0.011448981240391731,0.7419354915618896,0.2149658203125,1.9726624488830566,0.0002273676363984123,0.008167091757059097,0.004373978823423386,0.0030005481094121933,0.15490122139453888
cfg0069,69,69,20240710,stripe_target,1,scgi_ured,38,0.001,0.6,0.5,0.115,24,3,0.3,nlm,3,0.058,7.389429092407227,4.489534378051758,0.16519975662231445,0.004685699939727783,0.9740428844495653,8.165199279785156,0.012646564282476902,0.7256489992141724,0.11256802827119827,0.39864444732666016,1.0,0.6013555526733398,0.09657682478427887,0.014060568064451218,0.01224585436284542,0.8064516186714172,0.21234130859375,2.0146095752716064,0.00022748616174794734,0.01241907849907875,0.0037172844167798758,0.0030920105054974556,0.19411686062812805
cfg0070,70,70,20240710,stripe_target,1,scgi_ured,38,0.001,0.6,0.5,0.115,24,3,0.3,nlm,3,0.06,7.312572002410889,4.483582973480225,0.1622338593006134,0.004685699939727783,0.9740428844495653,8.309919357299805,0.012650793418288231,0.7253611087799072,0.11114475131034851,0.4223337173461914,1.0,0.5776662826538086,0.0936269760131836,0.013367727398872375,0.011963835917413235,0.8064516186714172,0.211669921875,1.998028039932251,0.00022744476154912263,0.012423348613083363,0.004053349606692791,0.0031227516010403633,0.19393424689769745
cfg0071,71,71,20240710,stripe_target,1,scgi_ured,38,0.001,0.6,0.5,0.115,24,3,0.3,nlm,3,0.062,7.130741119384766,4.477141857147217,0.15897519886493683,0.004685699939727783,0.9740428844495653,8.201523780822754,0.01263715885579586,0.7250127196311951,0.10977507382631302,0.4631275534629822,1.0,0.5368724465370178,0.09142386168241501,0.012775979936122894,0.01163408812135458,0.8064516186714172,0.2108154296875,1.9971154928207397,0.00022740854183211923,0.012409750372171402,0.0043652793392539024,0.003152986755594611,0.193736732006073
